<!DOCTYPE html>
<!-- Generated by pkgdown: do not edit by hand --><html lang="en"><head><meta http-equiv="Content-Type" content="text/html; charset=UTF-8"><meta charset="utf-8"><meta http-equiv="X-UA-Compatible" content="IE=edge"><meta name="viewport" content="width=device-width, initial-scale=1.0"><title>Plot the function \(f(x, y)\) and the tangent plane of \(f(x, y)\) at a point \((a, b)\) — plot_tangent_plane • dasc2594</title><!-- jquery --><script src="https://cdnjs.cloudflare.com/ajax/libs/jquery/3.4.1/jquery.min.js" integrity="sha256-CSXorXvZcTkaix6Yvo6HppcZGetbYMGWSFlBw8HfCJo=" crossorigin="anonymous"></script><!-- Bootstrap --><link rel="stylesheet" href="https://cdnjs.cloudflare.com/ajax/libs/twitter-bootstrap/3.4.1/css/bootstrap.min.css" integrity="sha256-bZLfwXAP04zRMK2BjiO8iu9pf4FbLqX6zitd+tIvLhE=" crossorigin="anonymous"><script src="https://cdnjs.cloudflare.com/ajax/libs/twitter-bootstrap/3.4.1/js/bootstrap.min.js" integrity="sha256-nuL8/2cJ5NDSSwnKD8VqreErSWHtnEP9E7AySL+1ev4=" crossorigin="anonymous"></script><!-- bootstrap-toc --><link rel="stylesheet" href="../bootstrap-toc.css"><script src="../bootstrap-toc.js"></script><!-- Font Awesome icons --><link rel="stylesheet" href="https://cdnjs.cloudflare.com/ajax/libs/font-awesome/5.12.1/css/all.min.css" integrity="sha256-mmgLkCYLUQbXn0B1SRqzHar6dCnv9oZFPEC1g1cwlkk=" crossorigin="anonymous"><link rel="stylesheet" href="https://cdnjs.cloudflare.com/ajax/libs/font-awesome/5.12.1/css/v4-shims.min.css" integrity="sha256-wZjR52fzng1pJHwx4aV2AO3yyTOXrcDW7jBpJtTwVxw=" crossorigin="anonymous"><!-- clipboard.js --><script src="https://cdnjs.cloudflare.com/ajax/libs/clipboard.js/2.0.6/clipboard.min.js" integrity="sha256-inc5kl9MA1hkeYUt+EC3BhlIgyp/2jDIyBLS6k3UxPI=" crossorigin="anonymous"></script><!-- headroom.js --><script src="https://cdnjs.cloudflare.com/ajax/libs/headroom/0.11.0/headroom.min.js" integrity="sha256-AsUX4SJE1+yuDu5+mAVzJbuYNPHj/WroHuZ8Ir/CkE0=" crossorigin="anonymous"></script><script src="https://cdnjs.cloudflare.com/ajax/libs/headroom/0.11.0/jQuery.headroom.min.js" integrity="sha256-ZX/yNShbjqsohH1k95liqY9Gd8uOiE1S4vZc+9KQ1K4=" crossorigin="anonymous"></script><!-- pkgdown --><link href="../pkgdown.css" rel="stylesheet"><script src="../pkgdown.js"></script><meta property="og:title" content="Plot the function \(f(x, y)\) and the tangent plane of \(f(x, y)\) at a point \((a, b)\) — plot_tangent_plane"><meta property="og:description" content="Plot the function \(f(x, y)\) and the tangent plane of \(f(x, y)\) at a point \((a, b)\)"><!-- mathjax --><script src="https://cdnjs.cloudflare.com/ajax/libs/mathjax/2.7.5/MathJax.js" integrity="sha256-nvJJv9wWKEm88qvoQl9ekL2J+k/RWIsaSScxxlsrv8k=" crossorigin="anonymous"></script><script src="https://cdnjs.cloudflare.com/ajax/libs/mathjax/2.7.5/config/TeX-AMS-MML_HTMLorMML.js" integrity="sha256-84DKXVJXs0/F8OTMzX4UR909+jtl4G7SPypPavF+GfA=" crossorigin="anonymous"></script><!--[if lt IE 9]>
<script src="https://oss.maxcdn.com/html5shiv/3.7.3/html5shiv.min.js"></script>
<script src="https://oss.maxcdn.com/respond/1.4.2/respond.min.js"></script>
<![endif]--><!-- dependencies from examples --><script src="libs/htmlwidgets-1.5.4/htmlwidgets.js"></script><script src="libs/plotly-binding-4.10.0/plotly.js"></script><script src="libs/typedarray-0.1/typedarray.min.js"></script><link href="libs/crosstalk-1.2.0/css/crosstalk.min.css" rel="stylesheet"><script src="libs/crosstalk-1.2.0/js/crosstalk.min.js"></script><link href="libs/plotly-htmlwidgets-css-2.5.1/plotly-htmlwidgets.css" rel="stylesheet"><script src="libs/plotly-main-2.5.1/plotly-latest.min.js"></script></head><body data-spy="scroll" data-target="#toc">
    

    <div class="container template-reference-topic">
      <header><div class="navbar navbar-default navbar-fixed-top" role="navigation">
  <div class="container">
    <div class="navbar-header">
      <button type="button" class="navbar-toggle collapsed" data-toggle="collapse" data-target="#navbar" aria-expanded="false">
        <span class="sr-only">Toggle navigation</span>
        <span class="icon-bar"></span>
        <span class="icon-bar"></span>
        <span class="icon-bar"></span>
      </button>
      <span class="navbar-brand">
        <a class="navbar-link" href="../index.html">dasc2594</a>
        <span class="version label label-default" data-toggle="tooltip" data-placement="bottom" title="">0.1.2</span>
      </span>
    </div>

    <div id="navbar" class="navbar-collapse collapse">
      <ul class="nav navbar-nav"><li>
  <a href="../reference/index.html">Reference</a>
</li>
      </ul><ul class="nav navbar-nav navbar-right"><li>
  <a href="https://github.com/jtipton25/dasc2594/" class="external-link">
    <span class="fab fa-github fa-lg"></span>
     
  </a>
</li>
      </ul></div><!--/.nav-collapse -->
  </div><!--/.container -->
</div><!--/.navbar -->

      

      </header><div class="row">
  <div class="col-md-9 contents">
    <div class="page-header">
    <h1>Plot the function \(f(x, y)\) and the tangent plane of \(f(x, y)\) at a point \((a, b)\)</h1>
    <small class="dont-index">Source: <a href="https://github.com/jtipton25/dasc2594/blob/HEAD/R/plot_tanget_plane.R" class="external-link"><code>R/plot_tanget_plane.R</code></a></small>
    <div class="hidden name"><code>plot_tangent_plane.Rd</code></div>
    </div>

    <div class="ref-description">
    <p>Plot the function \(f(x, y)\) and the tangent plane of \(f(x, y)\) at a point \((a, b)\)</p>
    </div>

    <div id="ref-usage">
    <div class="sourceCode"><pre class="sourceCode r"><code><span><span class="fu">plot_tangent_plane</span><span class="op">(</span></span>
<span>  <span class="va">target_fun</span>,</span>
<span>  <span class="va">grad_fun</span>,</span>
<span>  a <span class="op">=</span> <span class="fl">3</span>,</span>
<span>  b <span class="op">=</span> <span class="fl">2</span>,</span>
<span>  n <span class="op">=</span> <span class="fl">50</span>,</span>
<span>  xlim <span class="op">=</span> <span class="fu"><a href="https://rdrr.io/r/base/c.html" class="external-link">c</a></span><span class="op">(</span><span class="op">-</span><span class="fl">4</span>, <span class="fl">4</span><span class="op">)</span>,</span>
<span>  ylim <span class="op">=</span> <span class="fu"><a href="https://rdrr.io/r/base/c.html" class="external-link">c</a></span><span class="op">(</span><span class="op">-</span><span class="fl">4</span>, <span class="fl">4</span><span class="op">)</span></span>
<span><span class="op">)</span></span></code></pre></div>
    </div>

    <div id="arguments">
    <h2>Arguments</h2>
    <dl><dt>target_fun</dt>
<dd><p>The function \(f(x, y)\) of interest.</p></dd>


<dt>grad_fun</dt>
<dd><p>The gradient \(\nabla f(x, y)\) of the function \(f(x, y)\).</p></dd>


<dt>a</dt>
<dd><p>The point at which to evaluate the tangent plane in the x-axis coordinates.</p></dd>


<dt>b</dt>
<dd><p>The point at which to evaluate the tangent plane in the y-axis coordinates.</p></dd>


<dt>n</dt>
<dd><p>The number of grid points at which to evaluate the function \(f(x, y)\) and the tangent plane of \(f(x, y)\)</p></dd>


<dt>xlim</dt>
<dd><p>The range of points in the x-axis at which to evaluate the function \(f(x, y)\) and the tangent plane of \(f(x, y)\)</p></dd>


<dt>ylim</dt>
<dd><p>The range of points in the y-axis at which to evaluate the function \(f(x, y)\) and the tangent plane of \(f(x, y)\)</p></dd>

</dl></div>
    <div id="value">
    <h2>Value</h2>
    

<p>A plotly plot of the function of interest and the</p>
    </div>

    <div id="ref-examples">
    <h2>Examples</h2>
    <div class="sourceCode"><pre class="sourceCode r"><code><span class="r-in"><span><span class="va">target_fun</span> <span class="op">&lt;-</span> <span class="kw">function</span><span class="op">(</span><span class="va">x</span>, <span class="va">y</span><span class="op">)</span> <span class="op">{</span></span></span>
<span class="r-in"><span>    <span class="kw"><a href="https://rdrr.io/r/base/function.html" class="external-link">return</a></span><span class="op">(</span><span class="va">x</span><span class="op">^</span><span class="fl">2</span> <span class="op">+</span> <span class="va">y</span><span class="op">^</span><span class="fl">2</span><span class="op">)</span></span></span>
<span class="r-in"><span><span class="op">}</span></span></span>
<span class="r-in"><span>  <span class="va">grad_fun</span> <span class="op">&lt;-</span> <span class="kw">function</span><span class="op">(</span><span class="va">x</span>, <span class="va">y</span><span class="op">)</span> <span class="op">{</span></span></span>
<span class="r-in"><span>    <span class="fu"><a href="https://rdrr.io/r/base/c.html" class="external-link">c</a></span><span class="op">(</span><span class="fl">2</span> <span class="op">*</span> <span class="va">x</span>, <span class="fl">2</span> <span class="op">*</span> <span class="va">y</span><span class="op">)</span></span></span>
<span class="r-in"><span><span class="op">}</span></span></span>
<span class="r-in"><span><span class="fu">plot_tangent_plane</span><span class="op">(</span>target_fun <span class="op">=</span> <span class="va">target_fun</span>, grad_fun <span class="op">=</span> <span class="va">grad_fun</span>, a<span class="op">=</span><span class="op">-</span><span class="fl">1</span>, b <span class="op">=</span> <span class="fl">1</span><span class="op">)</span></span></span>
<div id="htmlwidget-9329d59b8ee5dd4d393f" style="width:700px;height:432.632880098888px;" class="plotly html-widget"></div>
<script type="application/json" data-for="htmlwidget-9329d59b8ee5dd4d393f">{"x":{"visdat":{"139b68c097eb":["function () ","plotlyVisDat"]},"cur_data":"139b68c097eb","attrs":{"139b68c097eb":{"x":[-4,-3.83673469387755,-3.6734693877551,-3.51020408163265,-3.3469387755102,-3.18367346938776,-3.02040816326531,-2.85714285714286,-2.69387755102041,-2.53061224489796,-2.36734693877551,-2.20408163265306,-2.04081632653061,-1.87755102040816,-1.71428571428571,-1.55102040816327,-1.38775510204082,-1.22448979591837,-1.06122448979592,-0.897959183673469,-0.734693877551021,-0.571428571428572,-0.408163265306123,-0.244897959183674,-0.0816326530612246,0.0816326530612246,0.244897959183673,0.408163265306122,0.571428571428571,0.73469387755102,0.897959183673469,1.06122448979592,1.22448979591837,1.38775510204082,1.55102040816327,1.71428571428571,1.87755102040816,2.04081632653061,2.20408163265306,2.36734693877551,2.53061224489796,2.69387755102041,2.85714285714286,3.02040816326531,3.18367346938775,3.3469387755102,3.51020408163265,3.6734693877551,3.83673469387755,4],"y":[-4,-3.83673469387755,-3.6734693877551,-3.51020408163265,-3.3469387755102,-3.18367346938776,-3.02040816326531,-2.85714285714286,-2.69387755102041,-2.53061224489796,-2.36734693877551,-2.20408163265306,-2.04081632653061,-1.87755102040816,-1.71428571428571,-1.55102040816327,-1.38775510204082,-1.22448979591837,-1.06122448979592,-0.897959183673469,-0.734693877551021,-0.571428571428572,-0.408163265306123,-0.244897959183674,-0.0816326530612246,0.0816326530612246,0.244897959183673,0.408163265306122,0.571428571428571,0.73469387755102,0.897959183673469,1.06122448979592,1.22448979591837,1.38775510204082,1.55102040816327,1.71428571428571,1.87755102040816,2.04081632653061,2.20408163265306,2.36734693877551,2.53061224489796,2.69387755102041,2.85714285714286,3.02040816326531,3.18367346938775,3.3469387755102,3.51020408163265,3.6734693877551,3.83673469387755,4],"z":[[32,30.7205331112037,29.4943773427738,28.3215326947105,27.2019991670137,26.1357767596835,25.1228654727197,24.1632653061224,23.2569762598917,22.4039983340275,21.6043315285298,20.8579758433986,20.1649312786339,19.5251978342357,18.9387755102041,18.4056643065389,17.9258642232403,17.4993752603082,17.1261974177426,16.8063306955435,16.539775093711,16.3265306122449,16.1665972511454,16.0599750104123,16.0066638900458,16.0066638900458,16.0599750104123,16.1665972511454,16.3265306122449,16.539775093711,16.8063306955435,17.1261974177426,17.4993752603082,17.9258642232403,18.4056643065389,18.9387755102041,19.5251978342357,20.1649312786339,20.8579758433986,21.6043315285298,22.4039983340275,23.2569762598917,24.1632653061224,25.1228654727197,26.1357767596835,27.2019991670137,28.3215326947105,29.4943773427738,30.7205331112037,32],[30.7205331112037,29.4410662224073,28.2149104539775,27.0420658059142,25.9225322782174,24.8563098708871,23.8433985839234,22.8837984173261,21.9775093710954,21.1245314452312,20.3248646397334,19.5785089546022,18.8854643898376,18.2457309454394,17.6593086214077,17.1261974177426,16.646397334444,16.2199083715119,15.8467305289463,15.5268638067472,15.2603082049146,15.0470637234486,14.887130362349,14.780508121616,14.7271970012495,14.7271970012495,14.780508121616,14.887130362349,15.0470637234486,15.2603082049146,15.5268638067472,15.8467305289463,16.2199083715119,16.646397334444,17.1261974177426,17.6593086214077,18.2457309454394,18.8854643898376,19.5785089546022,20.3248646397334,21.1245314452311,21.9775093710954,22.8837984173261,23.8433985839234,24.8563098708871,25.9225322782174,27.0420658059142,28.2149104539775,29.4410662224073,30.7205331112037],[29.4943773427738,28.2149104539775,26.9887546855477,25.8159100374844,24.6963765097876,23.6301541024573,22.6172428154935,21.6576426488963,20.7513536026656,19.8983756768013,19.0987088713036,18.3523531861724,17.6593086214077,17.0195751770096,16.4331528529779,15.9000416493128,15.4202415660142,14.9937526030821,14.6205747605165,14.3007080383174,14.0341524364848,13.8209079550187,13.6609745939192,13.5543523531862,13.5010412328197,13.5010412328197,13.5543523531862,13.6609745939192,13.8209079550187,14.0341524364848,14.3007080383174,14.6205747605165,14.993752603082,15.4202415660142,15.9000416493128,16.4331528529779,17.0195751770096,17.6593086214077,18.3523531861724,19.0987088713036,19.8983756768013,20.7513536026656,21.6576426488963,22.6172428154935,23.6301541024573,24.6963765097876,25.8159100374844,26.9887546855477,28.2149104539775,29.4943773427738],[28.3215326947105,27.0420658059142,25.8159100374844,24.6430653894211,23.5235318617243,22.457309454394,21.4443981674302,20.484798000833,19.5785089546022,18.725531028738,17.9258642232403,17.1795085381091,16.4864639733444,15.8467305289463,15.2603082049146,14.7271970012495,14.2473969179509,13.8209079550187,13.4477301124531,13.1278633902541,12.8613077884215,12.6480633069554,12.4881299458559,12.3815077051229,12.3281965847564,12.3281965847564,12.3815077051229,12.4881299458559,12.6480633069554,12.8613077884215,13.1278633902541,13.4477301124531,13.8209079550187,14.2473969179509,14.7271970012495,15.2603082049146,15.8467305289463,16.4864639733444,17.1795085381091,17.9258642232403,18.725531028738,19.5785089546022,20.484798000833,21.4443981674302,22.457309454394,23.5235318617243,24.6430653894211,25.8159100374844,27.0420658059142,28.3215326947105],[27.2019991670137,25.9225322782174,24.6963765097876,23.5235318617243,22.4039983340275,21.3377759266972,20.3248646397334,19.3652644731362,18.4589754269055,17.6059975010412,16.8063306955435,16.0599750104123,15.3669304456476,14.7271970012495,14.1407746772178,13.6076634735527,13.1278633902541,12.701374427322,12.3281965847564,12.0083298625573,11.7417742607247,11.5285297792586,11.3685964181591,11.2619741774261,11.2086630570596,11.2086630570596,11.2619741774261,11.3685964181591,11.5285297792586,11.7417742607247,12.0083298625573,12.3281965847564,12.7013744273219,13.1278633902541,13.6076634735527,14.1407746772178,14.7271970012495,15.3669304456476,16.0599750104123,16.8063306955435,17.6059975010412,18.4589754269055,19.3652644731362,20.3248646397334,21.3377759266972,22.4039983340275,23.5235318617243,24.6963765097876,25.9225322782174,27.2019991670137],[26.1357767596835,24.8563098708871,23.6301541024573,22.457309454394,21.3377759266972,20.2715535193669,19.2586422324032,18.2990420658059,17.3927530195752,16.539775093711,15.7401082882132,14.9937526030821,14.3007080383174,13.6609745939192,13.0745522698875,12.5414410662224,12.0616409829238,11.6351520199917,11.2619741774261,10.942107455227,10.6755518533944,10.4623073719284,10.3023740108288,10.1957517700958,10.1424406497293,10.1424406497293,10.1957517700958,10.3023740108288,10.4623073719284,10.6755518533944,10.942107455227,11.2619741774261,11.6351520199917,12.0616409829238,12.5414410662224,13.0745522698875,13.6609745939192,14.3007080383174,14.993752603082,15.7401082882132,16.539775093711,17.3927530195752,18.2990420658059,19.2586422324032,20.2715535193669,21.3377759266972,22.457309454394,23.6301541024573,24.8563098708871,26.1357767596835],[25.1228654727197,23.8433985839234,22.6172428154935,21.4443981674302,20.3248646397334,19.2586422324032,18.2457309454394,17.2861307788421,16.3798417326114,15.5268638067472,14.7271970012495,13.9808413161183,13.2877967513536,12.6480633069554,12.0616409829238,11.5285297792586,11.04872969596,10.6222407330279,10.2490628904623,9.92919616826322,9.66264056643065,9.4493960849646,9.28946272386506,9.18284048313203,9.12952936276551,9.12952936276551,9.18284048313203,9.28946272386506,9.4493960849646,9.66264056643065,9.92919616826322,10.2490628904623,10.6222407330279,11.04872969596,11.5285297792586,12.0616409829238,12.6480633069554,13.2877967513536,13.9808413161183,14.7271970012495,15.5268638067472,16.3798417326114,17.2861307788421,18.2457309454394,19.2586422324032,20.3248646397334,21.4443981674302,22.6172428154935,23.8433985839234,25.1228654727197],[24.1632653061224,22.8837984173261,21.6576426488963,20.484798000833,19.3652644731362,18.2990420658059,17.2861307788421,16.3265306122449,15.4202415660142,14.5672636401499,13.7675968346522,13.021241149521,12.3281965847564,11.6884631403582,11.1020408163265,10.5689296126614,10.0891295293628,9.66264056643065,9.28946272386506,8.96959600166597,8.7030403998334,8.48979591836735,8.32986255726781,8.22324031653478,8.16992919616826,8.16992919616826,8.22324031653478,8.32986255726781,8.48979591836735,8.7030403998334,8.96959600166597,9.28946272386506,9.66264056643065,10.0891295293628,10.5689296126614,11.1020408163265,11.6884631403582,12.3281965847564,13.021241149521,13.7675968346522,14.5672636401499,15.4202415660142,16.3265306122449,17.2861307788421,18.2990420658059,19.3652644731362,20.484798000833,21.6576426488963,22.8837984173261,24.1632653061224],[23.2569762598917,21.9775093710954,20.7513536026656,19.5785089546022,18.4589754269055,17.3927530195752,16.3798417326114,15.4202415660142,14.5139525197834,13.6609745939192,12.8613077884215,12.1149521032903,11.4219075385256,10.7821740941275,10.1957517700958,9.66264056643066,9.18284048313203,8.75635152019992,8.38317367763432,8.06330695543524,7.79675135360267,7.58350687213661,7.42357351103707,7.31695127030404,7.26364014993753,7.26364014993753,7.31695127030404,7.42357351103707,7.58350687213661,7.79675135360267,8.06330695543524,8.38317367763432,8.75635152019992,9.18284048313203,9.66264056643065,10.1957517700958,10.7821740941274,11.4219075385256,12.1149521032903,12.8613077884215,13.6609745939192,14.5139525197834,15.4202415660142,16.3798417326114,17.3927530195752,18.4589754269055,19.5785089546022,20.7513536026656,21.9775093710954,23.2569762598917],[22.4039983340275,21.1245314452312,19.8983756768013,18.725531028738,17.6059975010412,16.539775093711,15.5268638067472,14.5672636401499,13.6609745939192,12.807996668055,12.0083298625573,11.2619741774261,10.5689296126614,9.92919616826322,9.34277384423157,8.80966264056643,8.32986255726781,7.90337359433569,7.5301957517701,7.21032902957101,6.94377342773844,6.73052894627239,6.57059558517285,6.46397334443982,6.4106622240733,6.4106622240733,6.46397334443982,6.57059558517284,6.73052894627239,6.94377342773844,7.21032902957101,7.5301957517701,7.90337359433569,8.32986255726781,8.80966264056643,9.34277384423157,9.92919616826322,10.5689296126614,11.2619741774261,12.0083298625573,12.807996668055,13.6609745939192,14.5672636401499,15.5268638067472,16.5397750937109,17.6059975010412,18.725531028738,19.8983756768013,21.1245314452312,22.4039983340275],[21.6043315285298,20.3248646397334,19.0987088713036,17.9258642232403,16.8063306955435,15.7401082882132,14.7271970012495,13.7675968346522,12.8613077884215,12.0083298625573,11.2086630570596,10.4623073719284,9.76926280716368,9.12952936276552,8.54310703873386,8.00999583506872,7.5301957517701,7.10370678883798,6.73052894627239,6.4106622240733,6.14410662224073,5.93086214077468,5.77092877967514,5.66430653894211,5.61099541857559,5.61099541857559,5.66430653894211,5.77092877967513,5.93086214077468,6.14410662224073,6.4106622240733,6.73052894627239,7.10370678883798,7.5301957517701,8.00999583506872,8.54310703873386,9.12952936276551,9.76926280716368,10.4623073719284,11.2086630570596,12.0083298625573,12.8613077884215,13.7675968346522,14.7271970012495,15.7401082882132,16.8063306955435,17.9258642232403,19.0987088713036,20.3248646397334,21.6043315285298],[20.8579758433986,19.5785089546022,18.3523531861724,17.1795085381091,16.0599750104123,14.9937526030821,13.9808413161183,13.021241149521,12.1149521032903,11.2619741774261,10.4623073719284,9.71595168679717,9.02290712203249,8.38317367763432,7.79675135360267,7.26364014993753,6.7838400666389,6.35735110370679,5.98417326114119,5.66430653894211,5.39775093710954,5.18450645564348,5.02457309454394,4.91795085381091,4.8646397334444,4.8646397334444,4.91795085381091,5.02457309454394,5.18450645564348,5.39775093710954,5.66430653894211,5.98417326114119,6.35735110370679,6.7838400666389,7.26364014993753,7.79675135360266,8.38317367763432,9.02290712203249,9.71595168679717,10.4623073719284,11.2619741774261,12.1149521032903,13.021241149521,13.9808413161183,14.993752603082,16.0599750104123,17.1795085381091,18.3523531861724,19.5785089546022,20.8579758433986],[20.1649312786339,18.8854643898376,17.6593086214077,16.4864639733444,15.3669304456476,14.3007080383174,13.2877967513536,12.3281965847564,11.4219075385256,10.5689296126614,9.76926280716368,9.02290712203249,8.32986255726781,7.69012911286964,7.10370678883799,6.57059558517285,6.09079550187422,5.66430653894211,5.29112869637651,4.97126197417743,4.70470637234486,4.4914618908788,4.33152852977926,4.22490628904623,4.17159516867972,4.17159516867972,4.22490628904623,4.33152852977926,4.4914618908788,4.70470637234486,4.97126197417743,5.29112869637651,5.66430653894211,6.09079550187422,6.57059558517284,7.10370678883798,7.69012911286964,8.3298625572678,9.02290712203249,9.76926280716368,10.5689296126614,11.4219075385256,12.3281965847564,13.2877967513536,14.3007080383174,15.3669304456476,16.4864639733444,17.6593086214077,18.8854643898376,20.1649312786339],[19.5251978342357,18.2457309454394,17.0195751770096,15.8467305289463,14.7271970012495,13.6609745939192,12.6480633069554,11.6884631403582,10.7821740941275,9.92919616826322,9.12952936276552,8.38317367763432,7.69012911286964,7.05039566847147,6.46397334443982,5.93086214077468,5.45106205747605,5.02457309454394,4.65139525197834,4.33152852977926,4.06497292794669,3.85172844648063,3.69179508538109,3.58517284464806,3.53186172428155,3.53186172428155,3.58517284464806,3.69179508538109,3.85172844648063,4.06497292794669,4.33152852977926,4.65139525197834,5.02457309454394,5.45106205747605,5.93086214077468,6.46397334443982,7.05039566847147,7.69012911286964,8.38317367763432,9.12952936276551,9.92919616826322,10.7821740941274,11.6884631403582,12.6480633069554,13.6609745939192,14.7271970012495,15.8467305289463,17.0195751770096,18.2457309454394,19.5251978342357],[18.9387755102041,17.6593086214077,16.4331528529779,15.2603082049146,14.1407746772178,13.0745522698875,12.0616409829238,11.1020408163265,10.1957517700958,9.34277384423157,8.54310703873386,7.79675135360267,7.10370678883799,6.46397334443982,5.87755102040816,5.34443981674303,4.8646397334444,4.43815077051229,4.06497292794669,3.74510620574761,3.47855060391504,3.26530612244898,3.10537276134944,2.99875052061641,2.9454394002499,2.9454394002499,2.99875052061641,3.10537276134944,3.26530612244898,3.47855060391504,3.7451062057476,4.06497292794669,4.43815077051229,4.8646397334444,5.34443981674302,5.87755102040816,6.46397334443981,7.10370678883798,7.79675135360266,8.54310703873386,9.34277384423157,10.1957517700958,11.1020408163265,12.0616409829238,13.0745522698875,14.1407746772178,15.2603082049146,16.4331528529779,17.6593086214077,18.9387755102041],[18.4056643065389,17.1261974177426,15.9000416493128,14.7271970012495,13.6076634735527,12.5414410662224,11.5285297792586,10.5689296126614,9.66264056643066,8.80966264056643,8.00999583506872,7.26364014993753,6.57059558517285,5.93086214077468,5.34443981674303,4.81132861307789,4.33152852977926,3.90503956684715,3.53186172428155,3.21199500208247,2.9454394002499,2.73219491878384,2.5722615576843,2.46563931695127,2.41232819658476,2.41232819658476,2.46563931695127,2.5722615576843,2.73219491878384,2.9454394002499,3.21199500208247,3.53186172428155,3.90503956684715,4.33152852977926,4.81132861307788,5.34443981674302,5.93086214077468,6.57059558517284,7.26364014993753,8.00999583506872,8.80966264056643,9.66264056643065,10.5689296126614,11.5285297792586,12.5414410662224,13.6076634735527,14.7271970012495,15.9000416493128,17.1261974177426,18.4056643065389],[17.9258642232403,16.646397334444,15.4202415660142,14.2473969179509,13.1278633902541,12.0616409829238,11.04872969596,10.0891295293628,9.18284048313203,8.32986255726781,7.5301957517701,6.7838400666389,6.09079550187422,5.45106205747605,4.8646397334444,4.33152852977926,3.85172844648063,3.42523948354852,3.05206164098293,2.73219491878384,2.46563931695127,2.25239483548522,2.09246147438567,1.98583923365265,1.93252811328613,1.93252811328613,1.98583923365265,2.09246147438567,2.25239483548522,2.46563931695127,2.73219491878384,3.05206164098292,3.42523948354852,3.85172844648063,4.33152852977926,4.8646397334444,5.45106205747605,6.09079550187422,6.7838400666389,7.53019575177009,8.3298625572678,9.18284048313203,10.0891295293628,11.04872969596,12.0616409829238,13.1278633902541,14.2473969179509,15.4202415660142,16.646397334444,17.9258642232403],[17.4993752603082,16.2199083715119,14.9937526030821,13.8209079550187,12.701374427322,11.6351520199917,10.6222407330279,9.66264056643065,8.75635152019992,7.90337359433569,7.10370678883798,6.35735110370679,5.66430653894211,5.02457309454394,4.43815077051229,3.90503956684715,3.42523948354852,2.99875052061641,2.62557267805081,2.30570595585173,2.03915035401916,1.8259058725531,1.66597251145356,1.55935027072053,1.50603915035402,1.50603915035402,1.55935027072053,1.66597251145356,1.8259058725531,2.03915035401916,2.30570595585173,2.62557267805081,2.99875052061641,3.42523948354852,3.90503956684715,4.43815077051228,5.02457309454394,5.66430653894211,6.35735110370679,7.10370678883798,7.90337359433569,8.75635152019991,9.66264056643065,10.6222407330279,11.6351520199917,12.7013744273219,13.8209079550187,14.993752603082,16.2199083715119,17.4993752603082],[17.1261974177426,15.8467305289463,14.6205747605165,13.4477301124531,12.3281965847564,11.2619741774261,10.2490628904623,9.28946272386506,8.38317367763432,7.5301957517701,6.73052894627239,5.98417326114119,5.29112869637651,4.65139525197834,4.06497292794669,3.53186172428155,3.05206164098293,2.62557267805081,2.25239483548522,1.93252811328613,1.66597251145356,1.45272802998751,1.29279466888796,1.18617242815494,1.13286130778842,1.13286130778842,1.18617242815494,1.29279466888796,1.45272802998751,1.66597251145356,1.93252811328613,2.25239483548521,2.62557267805081,3.05206164098292,3.53186172428155,4.06497292794669,4.65139525197834,5.29112869637651,5.98417326114119,6.73052894627238,7.53019575177009,8.38317367763432,9.28946272386506,10.2490628904623,11.2619741774261,12.3281965847563,13.4477301124531,14.6205747605164,15.8467305289463,17.1261974177426],[16.8063306955435,15.5268638067472,14.3007080383174,13.1278633902541,12.0083298625573,10.942107455227,9.92919616826322,8.96959600166597,8.06330695543524,7.21032902957101,6.4106622240733,5.66430653894211,4.97126197417743,4.33152852977926,3.74510620574761,3.21199500208247,2.73219491878384,2.30570595585173,1.93252811328613,1.61266139108705,1.34610578925448,1.13286130778842,0.97292794668888,0.866305705955852,0.812994585589338,0.812994585589338,0.866305705955852,0.972927946688879,1.13286130778842,1.34610578925448,1.61266139108705,1.93252811328613,2.30570595585173,2.73219491878384,3.21199500208247,3.7451062057476,4.33152852977926,4.97126197417743,5.66430653894211,6.4106622240733,7.21032902957101,8.06330695543523,8.96959600166597,9.92919616826322,10.942107455227,12.0083298625573,13.1278633902541,14.3007080383174,15.5268638067472,16.8063306955435],[16.539775093711,15.2603082049146,14.0341524364848,12.8613077884215,11.7417742607247,10.6755518533944,9.66264056643065,8.7030403998334,7.79675135360267,6.94377342773844,6.14410662224073,5.39775093710954,4.70470637234486,4.06497292794669,3.47855060391504,2.9454394002499,2.46563931695127,2.03915035401916,1.66597251145356,1.34610578925448,1.07955018742191,0.866305705955853,0.706372344856311,0.599750104123283,0.546438983756769,0.546438983756769,0.599750104123282,0.70637234485631,0.866305705955852,1.07955018742191,1.34610578925448,1.66597251145356,2.03915035401916,2.46563931695127,2.9454394002499,3.47855060391503,4.06497292794669,4.70470637234486,5.39775093710954,6.14410662224073,6.94377342773844,7.79675135360266,8.7030403998334,9.66264056643065,10.6755518533944,11.7417742607247,12.8613077884215,14.0341524364848,15.2603082049146,16.539775093711],[16.3265306122449,15.0470637234486,13.8209079550187,12.6480633069554,11.5285297792586,10.4623073719284,9.4493960849646,8.48979591836735,7.58350687213661,6.73052894627239,5.93086214077468,5.18450645564348,4.4914618908788,3.85172844648063,3.26530612244898,2.73219491878384,2.25239483548522,1.8259058725531,1.45272802998751,1.13286130778842,0.866305705955853,0.653061224489796,0.493127863390255,0.386505622657226,0.333194502290712,0.333194502290712,0.386505622657226,0.493127863390254,0.653061224489796,0.866305705955852,1.13286130778842,1.4527280299875,1.8259058725531,2.25239483548521,2.73219491878384,3.26530612244898,3.85172844648063,4.4914618908788,5.18450645564348,5.93086214077467,6.73052894627238,7.58350687213661,8.48979591836735,9.4493960849646,10.4623073719284,11.5285297792586,12.6480633069554,13.8209079550187,15.0470637234486,16.3265306122449],[16.1665972511454,14.887130362349,13.6609745939192,12.4881299458559,11.3685964181591,10.3023740108288,9.28946272386506,8.32986255726781,7.42357351103707,6.57059558517285,5.77092877967514,5.02457309454394,4.33152852977926,3.69179508538109,3.10537276134944,2.5722615576843,2.09246147438567,1.66597251145356,1.29279466888796,0.97292794668888,0.706372344856311,0.493127863390255,0.333194502290713,0.226572261557685,0.173261141191171,0.173261141191171,0.226572261557684,0.333194502290712,0.493127863390254,0.70637234485631,0.972927946688879,1.29279466888796,1.66597251145356,2.09246147438567,2.5722615576843,3.10537276134944,3.69179508538109,4.33152852977926,5.02457309454394,5.77092877967513,6.57059558517284,7.42357351103707,8.3298625572678,9.28946272386506,10.3023740108288,11.3685964181591,12.4881299458559,13.6609745939192,14.887130362349,16.1665972511454],[16.0599750104123,14.780508121616,13.5543523531862,12.3815077051229,11.2619741774261,10.1957517700958,9.18284048313203,8.22324031653478,7.31695127030404,6.46397334443982,5.66430653894211,4.91795085381091,4.22490628904623,3.58517284464806,2.99875052061641,2.46563931695127,1.98583923365265,1.55935027072053,1.18617242815494,0.866305705955852,0.599750104123283,0.386505622657226,0.226572261557685,0.119950020824657,0.0666389004581426,0.0666389004581426,0.119950020824656,0.226572261557684,0.386505622657226,0.599750104123282,0.86630570595585,1.18617242815493,1.55935027072053,1.98583923365264,2.46563931695127,2.99875052061641,3.58517284464806,4.22490628904623,4.91795085381091,5.6643065389421,6.46397334443981,7.31695127030404,8.22324031653478,9.18284048313203,10.1957517700958,11.2619741774261,12.3815077051229,13.5543523531862,14.780508121616,16.0599750104123],[16.0066638900458,14.7271970012495,13.5010412328197,12.3281965847564,11.2086630570596,10.1424406497293,9.12952936276551,8.16992919616826,7.26364014993753,6.4106622240733,5.61099541857559,4.8646397334444,4.17159516867972,3.53186172428155,2.9454394002499,2.41232819658476,1.93252811328613,1.50603915035402,1.13286130778842,0.812994585589338,0.546438983756769,0.333194502290712,0.173261141191171,0.0666389004581426,0.0133277800916285,0.0133277800916285,0.0666389004581422,0.17326114119117,0.333194502290712,0.546438983756768,0.812994585589336,1.13286130778842,1.50603915035402,1.93252811328613,2.41232819658476,2.94543940024989,3.53186172428155,4.17159516867972,4.8646397334444,5.61099541857559,6.4106622240733,7.26364014993752,8.16992919616826,9.12952936276551,10.1424406497293,11.2086630570596,12.3281965847563,13.5010412328197,14.7271970012495,16.0066638900458],[16.0066638900458,14.7271970012495,13.5010412328197,12.3281965847564,11.2086630570596,10.1424406497293,9.12952936276551,8.16992919616826,7.26364014993753,6.4106622240733,5.61099541857559,4.8646397334444,4.17159516867972,3.53186172428155,2.9454394002499,2.41232819658476,1.93252811328613,1.50603915035402,1.13286130778842,0.812994585589338,0.546438983756769,0.333194502290712,0.173261141191171,0.0666389004581426,0.0133277800916285,0.0133277800916285,0.0666389004581422,0.17326114119117,0.333194502290712,0.546438983756768,0.812994585589336,1.13286130778842,1.50603915035402,1.93252811328613,2.41232819658476,2.94543940024989,3.53186172428155,4.17159516867972,4.8646397334444,5.61099541857559,6.4106622240733,7.26364014993752,8.16992919616826,9.12952936276551,10.1424406497293,11.2086630570596,12.3281965847563,13.5010412328197,14.7271970012495,16.0066638900458],[16.0599750104123,14.780508121616,13.5543523531862,12.3815077051229,11.2619741774261,10.1957517700958,9.18284048313203,8.22324031653478,7.31695127030404,6.46397334443982,5.66430653894211,4.91795085381091,4.22490628904623,3.58517284464806,2.99875052061641,2.46563931695127,1.98583923365265,1.55935027072053,1.18617242815494,0.866305705955852,0.599750104123282,0.386505622657226,0.226572261557684,0.119950020824656,0.0666389004581422,0.0666389004581422,0.119950020824656,0.226572261557684,0.386505622657226,0.599750104123282,0.86630570595585,1.18617242815493,1.55935027072053,1.98583923365264,2.46563931695127,2.99875052061641,3.58517284464806,4.22490628904623,4.91795085381091,5.6643065389421,6.46397334443981,7.31695127030404,8.22324031653478,9.18284048313203,10.1957517700958,11.2619741774261,12.3815077051229,13.5543523531862,14.780508121616,16.0599750104123],[16.1665972511454,14.887130362349,13.6609745939192,12.4881299458559,11.3685964181591,10.3023740108288,9.28946272386506,8.32986255726781,7.42357351103707,6.57059558517284,5.77092877967513,5.02457309454394,4.33152852977926,3.69179508538109,3.10537276134944,2.5722615576843,2.09246147438567,1.66597251145356,1.29279466888796,0.972927946688879,0.70637234485631,0.493127863390254,0.333194502290712,0.226572261557684,0.17326114119117,0.17326114119117,0.226572261557684,0.333194502290712,0.493127863390253,0.706372344856309,0.972927946688878,1.29279466888796,1.66597251145356,2.09246147438567,2.5722615576843,3.10537276134944,3.69179508538109,4.33152852977926,5.02457309454394,5.77092877967513,6.57059558517284,7.42357351103706,8.3298625572678,9.28946272386506,10.3023740108288,11.3685964181591,12.4881299458559,13.6609745939192,14.887130362349,16.1665972511454],[16.3265306122449,15.0470637234486,13.8209079550187,12.6480633069554,11.5285297792586,10.4623073719284,9.4493960849646,8.48979591836735,7.58350687213661,6.73052894627239,5.93086214077468,5.18450645564348,4.4914618908788,3.85172844648063,3.26530612244898,2.73219491878384,2.25239483548522,1.8259058725531,1.45272802998751,1.13286130778842,0.866305705955852,0.653061224489796,0.493127863390254,0.386505622657226,0.333194502290712,0.333194502290712,0.386505622657226,0.493127863390253,0.653061224489795,0.866305705955851,1.13286130778842,1.4527280299875,1.8259058725531,2.25239483548521,2.73219491878384,3.26530612244898,3.85172844648063,4.4914618908788,5.18450645564348,5.93086214077467,6.73052894627238,7.58350687213661,8.48979591836735,9.4493960849646,10.4623073719284,11.5285297792586,12.6480633069554,13.8209079550187,15.0470637234486,16.3265306122449],[16.539775093711,15.2603082049146,14.0341524364848,12.8613077884215,11.7417742607247,10.6755518533944,9.66264056643065,8.7030403998334,7.79675135360267,6.94377342773844,6.14410662224073,5.39775093710954,4.70470637234486,4.06497292794669,3.47855060391504,2.9454394002499,2.46563931695127,2.03915035401916,1.66597251145356,1.34610578925448,1.07955018742191,0.866305705955852,0.70637234485631,0.599750104123282,0.546438983756768,0.546438983756768,0.599750104123282,0.706372344856309,0.866305705955851,1.07955018742191,1.34610578925448,1.66597251145356,2.03915035401916,2.46563931695127,2.9454394002499,3.47855060391503,4.06497292794669,4.70470637234485,5.39775093710954,6.14410662224073,6.94377342773844,7.79675135360266,8.7030403998334,9.66264056643065,10.6755518533944,11.7417742607247,12.8613077884215,14.0341524364848,15.2603082049146,16.539775093711],[16.8063306955435,15.5268638067472,14.3007080383174,13.1278633902541,12.0083298625573,10.942107455227,9.92919616826322,8.96959600166597,8.06330695543524,7.21032902957101,6.4106622240733,5.66430653894211,4.97126197417743,4.33152852977926,3.7451062057476,3.21199500208247,2.73219491878384,2.30570595585173,1.93252811328613,1.61266139108705,1.34610578925448,1.13286130778842,0.972927946688879,0.86630570595585,0.812994585589336,0.812994585589336,0.86630570595585,0.972927946688878,1.13286130778842,1.34610578925448,1.61266139108704,1.93252811328613,2.30570595585173,2.73219491878384,3.21199500208246,3.7451062057476,4.33152852977925,4.97126197417742,5.66430653894211,6.4106622240733,7.21032902957101,8.06330695543523,8.96959600166597,9.92919616826322,10.942107455227,12.0083298625573,13.1278633902541,14.3007080383174,15.5268638067472,16.8063306955435],[17.1261974177426,15.8467305289463,14.6205747605165,13.4477301124531,12.3281965847564,11.2619741774261,10.2490628904623,9.28946272386506,8.38317367763432,7.5301957517701,6.73052894627239,5.98417326114119,5.29112869637651,4.65139525197834,4.06497292794669,3.53186172428155,3.05206164098292,2.62557267805081,2.25239483548521,1.93252811328613,1.66597251145356,1.4527280299875,1.29279466888796,1.18617242815493,1.13286130778842,1.13286130778842,1.18617242815493,1.29279466888796,1.4527280299875,1.66597251145356,1.93252811328613,2.25239483548521,2.62557267805081,3.05206164098292,3.53186172428155,4.06497292794668,4.65139525197834,5.29112869637651,5.98417326114119,6.73052894627238,7.53019575177009,8.38317367763431,9.28946272386505,10.2490628904623,11.2619741774261,12.3281965847563,13.4477301124531,14.6205747605164,15.8467305289463,17.1261974177426],[17.4993752603082,16.2199083715119,14.993752603082,13.8209079550187,12.7013744273219,11.6351520199917,10.6222407330279,9.66264056643065,8.75635152019992,7.90337359433569,7.10370678883798,6.35735110370679,5.66430653894211,5.02457309454394,4.43815077051229,3.90503956684715,3.42523948354852,2.99875052061641,2.62557267805081,2.30570595585173,2.03915035401916,1.8259058725531,1.66597251145356,1.55935027072053,1.50603915035402,1.50603915035402,1.55935027072053,1.66597251145356,1.8259058725531,2.03915035401916,2.30570595585173,2.62557267805081,2.99875052061641,3.42523948354852,3.90503956684715,4.43815077051228,5.02457309454394,5.66430653894211,6.35735110370679,7.10370678883798,7.90337359433569,8.75635152019991,9.66264056643065,10.6222407330279,11.6351520199917,12.7013744273219,13.8209079550187,14.993752603082,16.2199083715119,17.4993752603082],[17.9258642232403,16.646397334444,15.4202415660142,14.2473969179509,13.1278633902541,12.0616409829238,11.04872969596,10.0891295293628,9.18284048313203,8.32986255726781,7.5301957517701,6.7838400666389,6.09079550187422,5.45106205747605,4.8646397334444,4.33152852977926,3.85172844648063,3.42523948354852,3.05206164098292,2.73219491878384,2.46563931695127,2.25239483548521,2.09246147438567,1.98583923365264,1.93252811328613,1.93252811328613,1.98